SAVED BY: JJ
TITLE: 
COMMENTS: 
DATE: 2/24/2020
TIME: 8:13 PM

STIMULUS, RESPONSE

1.000000E+8,  -1.132751E+0
1.005625E+8,  -1.187134E+0
1.011250E+8,  -1.202209E+0
1.016875E+8,  -1.112854E+0
1.022500E+8,  -1.094971E+0
1.028125E+8,  -1.035278E+0
1.033750E+8,  -1.100159E+0
1.039375E+8,  -9.822083E-1
1.045000E+8,  -1.007263E+0
1.050625E+8,  -1.025940E+0
1.056250E+8,  -1.002319E+0
1.061875E+8,  -9.634705E-1
1.067500E+8,  -9.489441E-1
1.073125E+8,  -9.338379E-1
1.078750E+8,  -8.789978E-1
1.084375E+8,  -9.123840E-1
1.090000E+8,  -8.767395E-1
1.095625E+8,  -8.790588E-1
1.101250E+8,  -8.260803E-1
1.106875E+8,  -7.494812E-1
1.112500E+8,  -7.567749E-1
1.118125E+8,  -7.314148E-1
1.123750E+8,  -7.619019E-1
1.129375E+8,  -7.071533E-1
1.135000E+8,  -6.984863E-1
1.140625E+8,  -7.214966E-1
1.146250E+8,  -6.321411E-1
1.151875E+8,  -6.458740E-1
1.157500E+8,  -6.633301E-1
1.163125E+8,  -6.293640E-1
1.168750E+8,  -6.639709E-1
1.174375E+8,  -7.095032E-1
1.180000E+8,  -6.312866E-1
1.185625E+8,  -6.090393E-1
1.191250E+8,  -6.883850E-1
1.196875E+8,  -6.030273E-1
1.202500E+8,  -6.718750E-1
1.208125E+8,  -5.946350E-1
1.213750E+8,  -5.597534E-1
1.219375E+8,  -6.327515E-1
1.225000E+8,  -5.992126E-1
1.230625E+8,  -6.042175E-1
1.236250E+8,  -6.237793E-1
1.241875E+8,  -5.554810E-1
1.247500E+8,  -5.807495E-1
1.253125E+8,  -5.105591E-1
1.258750E+8,  -5.790100E-1
1.264375E+8,  -5.531616E-1
1.270000E+8,  -4.996796E-1
1.275625E+8,  -4.875031E-1
1.281250E+8,  -4.861298E-1
1.286875E+8,  -4.924164E-1
1.292500E+8,  -5.451965E-1
1.298125E+8,  -5.450134E-1
1.303750E+8,  -5.154419E-1
1.309375E+8,  -5.169373E-1
1.315000E+8,  -4.566803E-1
1.320625E+8,  -4.975128E-1
1.326250E+8,  -4.534607E-1
1.331875E+8,  -4.206696E-1
1.337500E+8,  -4.880066E-1
1.343125E+8,  -4.359131E-1
1.348750E+8,  -3.972931E-1
1.354375E+8,  -5.001831E-1
1.360000E+8,  -4.302673E-1
1.365625E+8,  -4.064331E-1
1.371250E+8,  -3.898926E-1
1.376875E+8,  -4.123993E-1
1.382500E+8,  -3.768921E-1
1.388125E+8,  -4.015656E-1
1.393750E+8,  -4.176788E-1
1.399375E+8,  -4.510345E-1
1.405000E+8,  -4.708710E-1
1.410625E+8,  -3.722992E-1
1.416250E+8,  -4.685364E-1
1.421875E+8,  -4.176331E-1
1.427500E+8,  -4.377136E-1
1.433125E+8,  -3.824921E-1
1.438750E+8,  -3.962708E-1
1.444375E+8,  -4.008636E-1
1.450000E+8,  -4.269562E-1
1.455625E+8,  -4.365082E-1
1.461250E+8,  -4.871826E-1
1.466875E+8,  -4.288940E-1
1.472500E+8,  -3.759308E-1
1.478125E+8,  -4.481812E-1
1.483750E+8,  -4.891968E-1
1.489375E+8,  -4.476318E-1
1.495000E+8,  -5.244751E-1
1.500625E+8,  -4.608154E-1
1.506250E+8,  -5.083618E-1
1.511875E+8,  -4.739532E-1
1.517500E+8,  -4.628296E-1
1.523125E+8,  -5.103455E-1
1.528750E+8,  -5.320129E-1
1.534375E+8,  -5.054626E-1
1.540000E+8,  -5.478516E-1
1.545625E+8,  -5.557251E-1
1.551250E+8,  -5.523987E-1
1.556875E+8,  -5.440063E-1
1.562500E+8,  -5.486145E-1
1.568125E+8,  -5.813599E-1
1.573750E+8,  -6.176758E-1
1.579375E+8,  -6.201782E-1
1.585000E+8,  -5.692139E-1
1.590625E+8,  -6.111145E-1
1.596250E+8,  -6.560059E-1
1.601875E+8,  -6.388550E-1
1.607500E+8,  -6.830139E-1
1.613125E+8,  -6.865234E-1
1.618750E+8,  -6.569214E-1
1.624375E+8,  -6.633911E-1
1.630000E+8,  -6.609497E-1
1.635625E+8,  -7.198486E-1
1.641250E+8,  -7.301636E-1
1.646875E+8,  -7.194824E-1
1.652500E+8,  -7.163086E-1
1.658125E+8,  -7.274780E-1
1.663750E+8,  -7.342224E-1
1.669375E+8,  -7.082520E-1
1.675000E+8,  -7.342224E-1
1.680625E+8,  -8.057861E-1
1.686250E+8,  -8.116455E-1
1.691875E+8,  -8.055420E-1
1.697500E+8,  -7.906799E-1
1.703125E+8,  -8.646240E-1
1.708750E+8,  -8.968811E-1
1.714375E+8,  -8.612366E-1
1.720000E+8,  -9.062805E-1
1.725625E+8,  -9.426270E-1
1.731250E+8,  -9.086609E-1
1.736875E+8,  -9.446716E-1
1.742500E+8,  -1.030945E+0
1.748125E+8,  -8.976440E-1
1.753750E+8,  -8.963623E-1
1.759375E+8,  -9.562683E-1
1.765000E+8,  -9.444885E-1
1.770625E+8,  -8.516541E-1
1.776250E+8,  -8.845520E-1
1.781875E+8,  -8.923645E-1
1.787500E+8,  -8.693542E-1
1.793125E+8,  -8.909302E-1
1.798750E+8,  -8.625183E-1
1.804375E+8,  -8.479919E-1
1.810000E+8,  -8.613281E-1
1.815625E+8,  -8.473511E-1
1.821250E+8,  -8.348999E-1
1.826875E+8,  -8.402710E-1
1.832500E+8,  -7.983093E-1
1.838125E+8,  -8.223267E-1
1.843750E+8,  -7.787781E-1
1.849375E+8,  -8.328857E-1
1.855000E+8,  -7.931824E-1
1.860625E+8,  -8.296814E-1
1.866250E+8,  -7.970581E-1
1.871875E+8,  -7.967224E-1
1.877500E+8,  -7.797852E-1
1.883125E+8,  -7.699890E-1
1.888750E+8,  -7.883301E-1
1.894375E+8,  -7.159729E-1
1.900000E+8,  -7.039795E-1
1.905625E+8,  -7.162170E-1
1.911250E+8,  -7.349854E-1
1.916875E+8,  -7.385254E-1
1.922500E+8,  -7.041626E-1
1.928125E+8,  -7.235718E-1
1.933750E+8,  -6.829529E-1
1.939375E+8,  -7.071533E-1
1.945000E+8,  -6.733093E-1
1.950625E+8,  -6.965637E-1
1.956250E+8,  -7.853394E-1
1.961875E+8,  -6.117249E-1
1.967500E+8,  -6.761475E-1
1.973125E+8,  -6.936035E-1
1.978750E+8,  -6.228638E-1
1.984375E+8,  -7.025757E-1
1.990000E+8,  -6.966553E-1
1.995625E+8,  -7.052002E-1
2.001250E+8,  -7.123413E-1
2.006875E+8,  -6.570435E-1
2.012500E+8,  -7.013245E-1
2.018125E+8,  -6.937866E-1
2.023750E+8,  -6.475830E-1
2.029375E+8,  -6.860657E-1
2.035000E+8,  -6.862183E-1
2.040625E+8,  -6.641235E-1
2.046250E+8,  -6.822510E-1
2.051875E+8,  -6.144714E-1
2.057500E+8,  -6.705017E-1
2.063125E+8,  -6.093140E-1
2.068750E+8,  -6.102295E-1
2.074375E+8,  -6.421509E-1
2.080000E+8,  -6.230164E-1
2.085625E+8,  -6.064758E-1
2.091250E+8,  -6.400452E-1
2.096875E+8,  -6.368408E-1
2.102500E+8,  -6.842041E-1
2.108125E+8,  -6.302795E-1
2.113750E+8,  -6.880188E-1
2.119375E+8,  -6.599731E-1
2.125000E+8,  -6.420593E-1
2.130625E+8,  -6.349487E-1
2.136250E+8,  -6.534119E-1
2.141875E+8,  -6.888428E-1
2.147500E+8,  -6.870422E-1
2.153125E+8,  -6.368713E-1
2.158750E+8,  -6.201782E-1
2.164375E+8,  -6.634827E-1
2.170000E+8,  -6.821594E-1
2.175625E+8,  -6.294861E-1
2.181250E+8,  -7.631531E-1
2.186875E+8,  -6.734619E-1
2.192500E+8,  -6.236877E-1
2.198125E+8,  -7.868652E-1
2.203750E+8,  -7.251282E-1
2.209375E+8,  -7.478943E-1
2.215000E+8,  -6.601868E-1
2.220625E+8,  -8.079834E-1
2.226250E+8,  -6.772461E-1
2.231875E+8,  -7.507935E-1
2.237500E+8,  -7.512207E-1
2.243125E+8,  -7.584839E-1
2.248750E+8,  -7.980652E-1
2.254375E+8,  -7.720337E-1
2.260000E+8,  -7.391357E-1
2.265625E+8,  -8.170471E-1
2.271250E+8,  -8.189087E-1
2.276875E+8,  -8.458252E-1
2.282500E+8,  -7.818909E-1
2.288125E+8,  -8.772888E-1
2.293750E+8,  -8.984680E-1
2.299375E+8,  -9.072876E-1
2.305000E+8,  -8.747253E-1
2.310625E+8,  -8.786316E-1
2.316250E+8,  -9.458923E-1
2.321875E+8,  -9.286499E-1
2.327500E+8,  -9.485474E-1
2.333125E+8,  -9.893799E-1
2.338750E+8,  -9.270020E-1
2.344375E+8,  -9.731750E-1
2.350000E+8,  -9.570007E-1
2.355625E+8,  -1.000671E+0
2.361250E+8,  -9.248962E-1
2.366875E+8,  -1.008606E+0
2.372500E+8,  -1.032959E+0
2.378125E+8,  -9.842224E-1
2.383750E+8,  -9.822998E-1
2.389375E+8,  -1.007812E+0
2.395000E+8,  -9.844666E-1
2.400625E+8,  -1.028625E+0
2.406250E+8,  -9.723511E-1
2.411875E+8,  -1.011169E+0
2.417500E+8,  -1.025452E+0
2.423125E+8,  -1.019409E+0
2.428750E+8,  -1.008667E+0
2.434375E+8,  -1.061584E+0
2.440000E+8,  -1.023376E+0
2.445625E+8,  -1.059998E+0
2.451250E+8,  -9.723511E-1
2.456875E+8,  -1.048767E+0
2.462500E+8,  -9.926758E-1
2.468125E+8,  -1.068237E+0
2.473750E+8,  -1.015686E+0
2.479375E+8,  -1.032227E+0
2.485000E+8,  -9.517212E-1
2.490625E+8,  -1.041504E+0
2.496250E+8,  -9.730835E-1
2.501875E+8,  -1.040283E+0
2.507500E+8,  -1.008118E+0
2.513125E+8,  -1.041321E+0
2.518750E+8,  -1.030396E+0
2.524375E+8,  -9.884949E-1
2.530000E+8,  -1.033386E+0
2.535625E+8,  -1.018494E+0
2.541250E+8,  -1.008118E+0
2.546875E+8,  -1.012329E+0
2.552500E+8,  -9.884033E-1
2.558125E+8,  -1.025513E+0
2.563750E+8,  -1.042664E+0
2.569375E+8,  -1.042786E+0
2.575000E+8,  -1.014282E+0
2.580625E+8,  -1.037354E+0
2.586250E+8,  -9.976501E-1
2.591875E+8,  -9.917603E-1
2.597500E+8,  -1.087158E+0
2.603125E+8,  -1.088501E+0
2.608750E+8,  -1.075623E+0
2.614375E+8,  -1.076599E+0
2.620000E+8,  -1.078857E+0
2.625625E+8,  -1.110229E+0
2.631250E+8,  -1.081360E+0
2.636875E+8,  -1.084961E+0
2.642500E+8,  -1.063110E+0
2.648125E+8,  -1.082825E+0
2.653750E+8,  -1.043701E+0
2.659375E+8,  -1.075623E+0
2.665000E+8,  -1.072632E+0
2.670625E+8,  -1.049866E+0
2.676250E+8,  -1.082031E+0
2.681875E+8,  -1.061157E+0
2.687500E+8,  -1.092163E+0
2.693125E+8,  -1.127197E+0
2.698750E+8,  -1.073425E+0
2.704375E+8,  -1.084473E+0
2.710000E+8,  -1.096130E+0
2.715625E+8,  -1.094910E+0
2.721250E+8,  -1.144531E+0
2.726875E+8,  -1.037292E+0
2.732500E+8,  -1.070923E+0
2.738125E+8,  -1.078735E+0
2.743750E+8,  -1.118713E+0
2.749375E+8,  -1.153992E+0
2.755000E+8,  -1.154053E+0
2.760625E+8,  -1.149719E+0
2.766250E+8,  -1.162537E+0
2.771875E+8,  -1.160095E+0
2.777500E+8,  -1.199341E+0
2.783125E+8,  -1.249634E+0
2.788750E+8,  -1.241211E+0
2.794375E+8,  -1.156433E+0
2.800000E+8,  -1.149902E+0
2.805625E+8,  -1.248474E+0
2.811250E+8,  -1.213867E+0
2.816875E+8,  -1.151611E+0
2.822500E+8,  -1.134460E+0
2.828125E+8,  -1.166199E+0
2.833750E+8,  -1.165771E+0
2.839375E+8,  -1.169250E+0
2.845000E+8,  -1.176575E+0
2.850625E+8,  -1.153503E+0
2.856250E+8,  -1.173035E+0
2.861875E+8,  -1.234375E+0
2.867500E+8,  -1.133240E+0
2.873125E+8,  -1.169189E+0
2.878750E+8,  -1.180725E+0
2.884375E+8,  -1.179321E+0
2.890000E+8,  -1.199341E+0
2.895625E+8,  -1.167114E+0
2.901250E+8,  -1.217773E+0
2.906875E+8,  -1.191956E+0
2.912500E+8,  -1.152893E+0
2.918125E+8,  -1.140442E+0
2.923750E+8,  -1.227356E+0
2.929375E+8,  -1.147217E+0
2.935000E+8,  -1.119080E+0
2.940625E+8,  -1.117432E+0
2.946250E+8,  -1.128845E+0
2.951875E+8,  -1.183167E+0
2.957500E+8,  -1.159973E+0
2.963125E+8,  -1.142456E+0
2.968750E+8,  -1.110962E+0
2.974375E+8,  -1.097900E+0
2.980000E+8,  -1.158081E+0
2.985625E+8,  -1.112610E+0
2.991250E+8,  -1.105286E+0
2.996875E+8,  -1.121094E+0
3.002500E+8,  -1.098267E+0
3.008125E+8,  -1.111755E+0
3.013750E+8,  -1.093506E+0
3.019375E+8,  -1.104980E+0
3.025000E+8,  -1.056946E+0
3.030625E+8,  -1.046875E+0
3.036250E+8,  -1.030579E+0
3.041875E+8,  -1.077515E+0
3.047500E+8,  -1.051819E+0
3.053125E+8,  -1.067017E+0
3.058750E+8,  -1.045776E+0
3.064375E+8,  -1.062744E+0
3.070000E+8,  -1.039612E+0
3.075625E+8,  -9.812927E-1
3.081250E+8,  -1.043030E+0
3.086875E+8,  -1.016357E+0
3.092500E+8,  -1.044678E+0
3.098125E+8,  -9.980164E-1
3.103750E+8,  -9.926453E-1
3.109375E+8,  -9.720154E-1
3.115000E+8,  -1.041443E+0
3.120625E+8,  -9.693909E-1
3.126250E+8,  -9.137573E-1
3.131875E+8,  -9.313049E-1
3.137500E+8,  -1.001038E+0
3.143125E+8,  -9.552917E-1
3.148750E+8,  -9.748535E-1
3.154375E+8,  -9.764099E-1
3.160000E+8,  -9.706726E-1
3.165625E+8,  -9.638977E-1
3.171250E+8,  -9.621277E-1
3.176875E+8,  -1.005676E+0
3.182500E+8,  -9.779358E-1
3.188125E+8,  -1.012817E+0
3.193750E+8,  -9.691162E-1
3.199375E+8,  -1.047241E+0
3.205000E+8,  -9.998474E-1
3.210625E+8,  -9.139099E-1
3.216250E+8,  -9.654541E-1
3.221875E+8,  -9.749146E-1
3.227500E+8,  -9.631042E-1
3.233125E+8,  -9.733887E-1
3.238750E+8,  -9.388428E-1
3.244375E+8,  -9.965820E-1
3.250000E+8,  -9.699402E-1
3.255625E+8,  -1.019043E+0
3.261250E+8,  -9.434509E-1
3.266875E+8,  -9.927368E-1
3.272500E+8,  -9.729919E-1
3.278125E+8,  -9.571838E-1
3.283750E+8,  -1.039490E+0
3.289375E+8,  -1.014465E+0
3.295000E+8,  -1.051392E+0
3.300625E+8,  -1.077881E+0
3.306250E+8,  -1.126709E+0
3.311875E+8,  -1.176392E+0
3.317500E+8,  -1.374390E+0
3.323125E+8,  -1.594910E+0
3.328750E+8,  -1.789917E+0
3.334375E+8,  -2.193604E+0
3.340000E+8,  -2.197754E+0
3.345625E+8,  -1.857727E+0
3.351250E+8,  -1.496155E+0
3.356875E+8,  -1.305908E+0
3.362500E+8,  -1.250610E+0
3.368125E+8,  -1.127380E+0
3.373750E+8,  -1.119263E+0
3.379375E+8,  -1.088196E+0
3.385000E+8,  -1.103394E+0
3.390625E+8,  -1.137817E+0
3.396250E+8,  -1.143433E+0
3.401875E+8,  -1.155334E+0
3.407500E+8,  -1.216248E+0
3.413125E+8,  -1.310791E+0
3.418750E+8,  -1.372925E+0
3.424375E+8,  -1.454285E+0
3.430000E+8,  -1.594666E+0
3.435625E+8,  -1.735657E+0
3.441250E+8,  -1.926941E+0
3.446875E+8,  -2.306152E+0
3.452500E+8,  -2.504395E+0
3.458125E+8,  -2.961548E+0
3.463750E+8,  -3.538574E+0
3.469375E+8,  -4.315186E+0
3.475000E+8,  -5.382812E+0
3.480625E+8,  -6.861328E+0
3.486250E+8,  -9.030762E+0
3.491875E+8,  -1.240625E+1
3.497500E+8,  -1.801367E+1
3.503125E+8,  -2.343945E+1
3.508750E+8,  -1.651855E+1
3.514375E+8,  -1.206299E+1
3.520000E+8,  -9.354980E+0
3.525625E+8,  -7.581543E+0
3.531250E+8,  -6.380859E+0
3.536875E+8,  -5.505371E+0
3.542500E+8,  -4.849854E+0
3.548125E+8,  -4.397461E+0
3.553750E+8,  -4.067871E+0
3.559375E+8,  -3.758667E+0
3.565000E+8,  -3.607788E+0
3.570625E+8,  -3.472290E+0
3.576250E+8,  -3.356201E+0
3.581875E+8,  -3.288696E+0
3.587500E+8,  -3.338379E+0
3.593125E+8,  -3.399048E+0
3.598750E+8,  -3.327271E+0
3.604375E+8,  -3.342896E+0
3.610000E+8,  -3.317017E+0
3.615625E+8,  -3.314209E+0
3.621250E+8,  -3.263306E+0
3.626875E+8,  -3.265259E+0
3.632500E+8,  -3.165405E+0
3.638125E+8,  -3.079468E+0
3.643750E+8,  -2.977417E+0
3.649375E+8,  -2.877808E+0
3.655000E+8,  -2.676392E+0
3.660625E+8,  -2.591553E+0
3.666250E+8,  -2.480957E+0
3.671875E+8,  -2.401245E+0
3.677500E+8,  -2.296997E+0
3.683125E+8,  -2.180786E+0
3.688750E+8,  -2.122803E+0
3.694375E+8,  -2.092896E+0
3.700000E+8,  -1.988831E+0
3.705625E+8,  -1.938171E+0
3.711250E+8,  -1.907104E+0
3.716875E+8,  -1.829529E+0
3.722500E+8,  -1.818481E+0
3.728125E+8,  -1.757751E+0
3.733750E+8,  -1.832764E+0
3.739375E+8,  -1.769104E+0
3.745000E+8,  -1.731140E+0
3.750625E+8,  -1.696350E+0
3.756250E+8,  -1.693726E+0
3.761875E+8,  -1.679687E+0
3.767500E+8,  -1.612183E+0
3.773125E+8,  -1.598938E+0
3.778750E+8,  -1.596497E+0
3.784375E+8,  -1.542969E+0
3.790000E+8,  -1.558716E+0
3.795625E+8,  -1.544922E+0
3.801250E+8,  -1.485229E+0
3.806875E+8,  -1.496582E+0
3.812500E+8,  -1.481689E+0
3.818125E+8,  -1.524231E+0
3.823750E+8,  -1.448181E+0
3.829375E+8,  -1.468018E+0
3.835000E+8,  -1.423950E+0
3.840625E+8,  -1.446228E+0
3.846250E+8,  -1.420959E+0
3.851875E+8,  -1.437744E+0
3.857500E+8,  -1.460876E+0
3.863125E+8,  -1.534790E+0
3.868750E+8,  -1.455688E+0
3.874375E+8,  -1.442932E+0
3.880000E+8,  -1.504089E+0
3.885625E+8,  -1.473267E+0
3.891250E+8,  -1.509155E+0
3.896875E+8,  -1.525146E+0
3.902500E+8,  -1.523865E+0
3.908125E+8,  -1.551270E+0
3.913750E+8,  -1.517822E+0
3.919375E+8,  -1.558838E+0
3.925000E+8,  -1.576904E+0
3.930625E+8,  -1.623718E+0
3.936250E+8,  -1.638367E+0
3.941875E+8,  -1.630737E+0
3.947500E+8,  -1.613953E+0
3.953125E+8,  -1.635620E+0
3.958750E+8,  -1.646118E+0
3.964375E+8,  -1.630127E+0
3.970000E+8,  -1.671448E+0
3.975625E+8,  -1.669495E+0
3.981250E+8,  -1.719116E+0
3.986875E+8,  -1.700256E+0
3.992500E+8,  -1.751953E+0
3.998125E+8,  -1.768433E+0
4.003750E+8,  -1.876770E+0
4.009375E+8,  -1.847595E+0
4.015000E+8,  -1.903687E+0
4.020625E+8,  -1.949890E+0
4.026250E+8,  -1.967285E+0
4.031875E+8,  -2.010010E+0
4.037500E+8,  -2.030518E+0
4.043125E+8,  -2.112793E+0
4.048750E+8,  -2.109619E+0
4.054375E+8,  -2.146606E+0
4.060000E+8,  -2.263306E+0
4.065625E+8,  -2.216797E+0
4.071250E+8,  -2.243042E+0
4.076875E+8,  -2.301880E+0
4.082500E+8,  -2.368408E+0
4.088125E+8,  -2.415527E+0
4.093750E+8,  -2.437256E+0
4.099375E+8,  -2.487915E+0
4.105000E+8,  -2.549683E+0
4.110625E+8,  -2.691406E+0
4.116250E+8,  -2.687134E+0
4.121875E+8,  -2.680786E+0
4.127500E+8,  -2.711060E+0
4.133125E+8,  -2.877319E+0
4.138750E+8,  -2.957031E+0
4.144375E+8,  -3.012817E+0
4.150000E+8,  -3.069336E+0
4.155625E+8,  -3.199585E+0
4.161250E+8,  -3.281494E+0
4.166875E+8,  -3.363037E+0
4.172500E+8,  -3.490723E+0
4.178125E+8,  -3.552612E+0
4.183750E+8,  -3.561646E+0
4.189375E+8,  -3.702759E+0
4.195000E+8,  -3.840088E+0
4.200625E+8,  -3.815918E+0
4.206250E+8,  -3.921021E+0
4.211875E+8,  -4.055420E+0
4.217500E+8,  -4.184570E+0
4.223125E+8,  -4.279297E+0
4.228750E+8,  -4.398682E+0
4.234375E+8,  -4.502930E+0
4.240000E+8,  -4.578369E+0
4.245625E+8,  -4.747559E+0
4.251250E+8,  -4.952637E+0
4.256875E+8,  -4.968994E+0
4.262500E+8,  -5.087158E+0
4.268125E+8,  -5.339111E+0
4.273750E+8,  -5.469727E+0
4.279375E+8,  -5.632568E+0
4.285000E+8,  -5.797852E+0
4.290625E+8,  -5.976807E+0
4.296250E+8,  -6.146973E+0
4.301875E+8,  -6.359619E+0
4.307500E+8,  -6.580078E+0
4.313125E+8,  -6.741455E+0
4.318750E+8,  -6.963135E+0
4.324375E+8,  -7.150146E+0
4.330000E+8,  -7.357422E+0
4.335625E+8,  -7.486572E+0
4.341250E+8,  -7.745850E+0
4.346875E+8,  -7.917236E+0
4.352500E+8,  -8.137695E+0
4.358125E+8,  -8.317383E+0
4.363750E+8,  -8.559082E+0
4.369375E+8,  -8.787109E+0
4.375000E+8,  -9.089355E+0
4.380625E+8,  -9.333008E+0
4.386250E+8,  -9.614746E+0
4.391875E+8,  -9.988770E+0
4.397500E+8,  -1.024023E+1
4.403125E+8,  -1.062744E+1
4.408750E+8,  -1.095850E+1
4.414375E+8,  -1.142285E+1
4.420000E+8,  -1.180762E+1
4.425625E+8,  -1.218018E+1
4.431250E+8,  -1.267139E+1
4.436875E+8,  -1.311816E+1
4.442500E+8,  -1.340820E+1
4.448125E+8,  -1.410010E+1
4.453750E+8,  -1.449561E+1
4.459375E+8,  -1.493945E+1
4.465000E+8,  -1.543115E+1
4.470625E+8,  -1.598828E+1
4.476250E+8,  -1.645313E+1
4.481875E+8,  -1.694238E+1
4.487500E+8,  -1.749414E+1
4.493125E+8,  -1.802051E+1
4.498750E+8,  -1.855273E+1
4.504375E+8,  -1.910840E+1
4.510000E+8,  -1.975586E+1
4.515625E+8,  -2.036230E+1
4.521250E+8,  -2.097461E+1
4.526875E+8,  -2.151660E+1
4.532500E+8,  -2.203516E+1
4.538125E+8,  -2.240625E+1
4.543750E+8,  -2.248242E+1
4.549375E+8,  -2.239551E+1
4.555000E+8,  -2.206543E+1
4.560625E+8,  -2.160156E+1
4.566250E+8,  -2.099707E+1
4.571875E+8,  -2.031543E+1
4.577500E+8,  -1.970508E+1
4.583125E+8,  -1.903223E+1
4.588750E+8,  -1.839648E+1
4.594375E+8,  -1.782617E+1
4.600000E+8,  -1.738574E+1
4.605625E+8,  -1.693359E+1
4.611250E+8,  -1.641699E+1
4.616875E+8,  -1.597461E+1
4.622500E+8,  -1.560596E+1
4.628125E+8,  -1.529346E+1
4.633750E+8,  -1.500732E+1
4.639375E+8,  -1.469678E+1
4.645000E+8,  -1.436230E+1
4.650625E+8,  -1.418115E+1
4.656250E+8,  -1.379639E+1
4.661875E+8,  -1.354883E+1
4.667500E+8,  -1.320361E+1
4.673125E+8,  -1.295361E+1
4.678750E+8,  -1.262500E+1
4.684375E+8,  -1.239551E+1
4.690000E+8,  -1.211768E+1
4.695625E+8,  -1.177246E+1
4.701250E+8,  -1.154150E+1
4.706875E+8,  -1.127637E+1
4.712500E+8,  -1.098584E+1
4.718125E+8,  -1.071924E+1
4.723750E+8,  -1.050391E+1
4.729375E+8,  -1.038770E+1
4.735000E+8,  -1.014258E+1
4.740625E+8,  -9.935059E+0
4.746250E+8,  -9.776367E+0
4.751875E+8,  -9.604492E+0
4.757500E+8,  -9.413574E+0
4.763125E+8,  -9.293457E+0
4.768750E+8,  -9.178223E+0
4.774375E+8,  -9.049805E+0
4.780000E+8,  -8.936523E+0
4.785625E+8,  -8.794434E+0
4.791250E+8,  -8.750977E+0
4.796875E+8,  -8.561523E+0
4.802500E+8,  -8.479492E+0
4.808125E+8,  -8.338379E+0
4.813750E+8,  -8.230469E+0
4.819375E+8,  -8.095215E+0
4.825000E+8,  -7.954590E+0
4.830625E+8,  -7.886719E+0
4.836250E+8,  -7.754395E+0
4.841875E+8,  -7.617432E+0
4.847500E+8,  -7.534912E+0
4.853125E+8,  -7.459717E+0
4.858750E+8,  -7.306885E+0
4.864375E+8,  -7.247314E+0
4.870000E+8,  -7.177979E+0
4.875625E+8,  -7.057617E+0
4.881250E+8,  -7.065430E+0
4.886875E+8,  -6.901611E+0
4.892500E+8,  -6.880615E+0
4.898125E+8,  -6.774902E+0
4.903750E+8,  -6.719482E+0
4.909375E+8,  -6.728271E+0
4.915000E+8,  -6.734375E+0
4.920625E+8,  -6.628174E+0
4.926250E+8,  -6.475830E+0
4.931875E+8,  -6.550781E+0
4.937500E+8,  -6.501221E+0
4.943125E+8,  -6.445801E+0
4.948750E+8,  -6.381348E+0
4.954375E+8,  -6.332275E+0
4.960000E+8,  -6.250244E+0
4.965625E+8,  -6.154297E+0
4.971250E+8,  -6.155029E+0
4.976875E+8,  -6.067627E+0
4.982500E+8,  -6.005127E+0
4.988125E+8,  -5.999268E+0
4.993750E+8,  -5.939453E+0
4.999375E+8,  -5.908936E+0
5.005000E+8,  -5.828369E+0
5.010625E+8,  -5.793457E+0
5.016250E+8,  -5.768066E+0
5.021875E+8,  -5.741943E+0
5.027500E+8,  -5.713135E+0
5.033125E+8,  -5.599854E+0
5.038750E+8,  -5.575928E+0
5.044375E+8,  -5.572998E+0
5.050000E+8,  -5.545654E+0
5.055625E+8,  -5.512207E+0
5.061250E+8,  -5.537598E+0
5.066875E+8,  -5.473877E+0
5.072500E+8,  -5.505127E+0
5.078125E+8,  -5.416260E+0
5.083750E+8,  -5.445068E+0
5.089375E+8,  -5.391602E+0
5.095000E+8,  -5.359131E+0
5.100625E+8,  -5.299072E+0
5.106250E+8,  -5.228271E+0
5.111875E+8,  -5.237305E+0
5.117500E+8,  -5.214111E+0
5.123125E+8,  -5.130615E+0
5.128750E+8,  -5.140137E+0
5.134375E+8,  -5.066162E+0
5.140000E+8,  -5.046631E+0
5.145625E+8,  -4.993896E+0
5.151250E+8,  -4.967773E+0
5.156875E+8,  -4.971680E+0
5.162500E+8,  -4.918457E+0
5.168125E+8,  -4.859375E+0
5.173750E+8,  -4.905273E+0
5.179375E+8,  -4.841553E+0
5.185000E+8,  -4.815186E+0
5.190625E+8,  -4.764893E+0
5.196250E+8,  -4.743652E+0
5.201875E+8,  -4.691406E+0
5.207500E+8,  -4.676270E+0
5.213125E+8,  -4.627441E+0
5.218750E+8,  -4.612793E+0
5.224375E+8,  -4.667480E+0
5.230000E+8,  -4.631836E+0
5.235625E+8,  -4.558838E+0
5.241250E+8,  -4.533447E+0
5.246875E+8,  -4.467285E+0
5.252500E+8,  -4.438477E+0
5.258125E+8,  -4.413574E+0
5.263750E+8,  -4.341553E+0
5.269375E+8,  -4.345459E+0
5.275000E+8,  -4.402344E+0
5.280625E+8,  -4.279785E+0
5.286250E+8,  -4.306885E+0
5.291875E+8,  -4.215332E+0
5.297500E+8,  -4.133057E+0
5.303125E+8,  -4.150391E+0
5.308750E+8,  -4.111816E+0
5.314375E+8,  -4.129639E+0
5.320000E+8,  -4.077881E+0
5.325625E+8,  -4.080811E+0
5.331250E+8,  -4.033447E+0
5.336875E+8,  -4.098389E+0
5.342500E+8,  -4.034668E+0
5.348125E+8,  -4.071045E+0
5.353750E+8,  -4.097900E+0
5.359375E+8,  -4.063477E+0
5.365000E+8,  -4.121582E+0
5.370625E+8,  -4.067871E+0
5.376250E+8,  -3.949585E+0
5.381875E+8,  -4.030029E+0
5.387500E+8,  -4.004395E+0
5.393125E+8,  -3.963379E+0
5.398750E+8,  -3.978516E+0
5.404375E+8,  -4.009766E+0
5.410000E+8,  -3.870972E+0
5.415625E+8,  -4.004883E+0
5.421250E+8,  -3.894043E+0
5.426875E+8,  -3.950317E+0
5.432500E+8,  -3.857666E+0
5.438125E+8,  -3.826294E+0
5.443750E+8,  -3.820923E+0
5.449375E+8,  -3.811646E+0
5.455000E+8,  -3.753052E+0
5.460625E+8,  -3.725220E+0
5.466250E+8,  -3.755371E+0
5.471875E+8,  -3.735596E+0
5.477500E+8,  -3.738647E+0
5.483125E+8,  -3.662109E+0
5.488750E+8,  -3.668213E+0
5.494375E+8,  -3.684814E+0
5.500000E+8,  -3.727539E+0
5.505625E+8,  -3.640381E+0
5.511250E+8,  -3.716187E+0
5.516875E+8,  -3.650513E+0
5.522500E+8,  -3.699097E+0
5.528125E+8,  -3.632446E+0
5.533750E+8,  -3.616821E+0
5.539375E+8,  -3.633301E+0
5.545000E+8,  -3.567749E+0
5.550625E+8,  -3.582397E+0
5.556250E+8,  -3.663452E+0
5.561875E+8,  -3.575073E+0
5.567500E+8,  -3.467041E+0
5.573125E+8,  -3.455811E+0
5.578750E+8,  -3.558228E+0
5.584375E+8,  -3.524780E+0
5.590000E+8,  -3.448486E+0
5.595625E+8,  -3.499023E+0
5.601250E+8,  -3.528809E+0
5.606875E+8,  -3.404663E+0
5.612500E+8,  -3.531372E+0
5.618125E+8,  -3.436401E+0
5.623750E+8,  -3.460571E+0
5.629375E+8,  -3.452393E+0
5.635000E+8,  -3.455688E+0
5.640625E+8,  -3.486206E+0
5.646250E+8,  -3.434326E+0
5.651875E+8,  -3.512939E+0
5.657500E+8,  -3.464111E+0
5.663125E+8,  -3.479126E+0
5.668750E+8,  -3.517700E+0
5.674375E+8,  -3.489624E+0
5.680000E+8,  -3.523193E+0
5.685625E+8,  -3.432861E+0
5.691250E+8,  -3.493652E+0
5.696875E+8,  -3.558838E+0
5.702500E+8,  -3.474487E+0
5.708125E+8,  -3.415771E+0
5.713750E+8,  -3.416382E+0
5.719375E+8,  -3.366211E+0
5.725000E+8,  -3.357422E+0
5.730625E+8,  -3.382324E+0
5.736250E+8,  -3.329590E+0
5.741875E+8,  -3.370483E+0
5.747500E+8,  -3.309814E+0
5.753125E+8,  -3.332031E+0
5.758750E+8,  -3.424072E+0
5.764375E+8,  -3.291992E+0
5.770000E+8,  -3.303955E+0
5.775625E+8,  -3.299805E+0
5.781250E+8,  -3.420044E+0
5.786875E+8,  -3.322632E+0
5.792500E+8,  -3.332275E+0
5.798125E+8,  -3.358154E+0
5.803750E+8,  -3.375244E+0
5.809375E+8,  -3.414062E+0
5.815000E+8,  -3.418335E+0
5.820625E+8,  -3.344604E+0
5.826250E+8,  -3.413574E+0
5.831875E+8,  -3.331543E+0
5.837500E+8,  -3.373535E+0
5.843125E+8,  -3.464722E+0
5.848750E+8,  -3.344482E+0
5.854375E+8,  -3.347656E+0
5.860000E+8,  -3.339233E+0
5.865625E+8,  -3.332642E+0
5.871250E+8,  -3.243164E+0
5.876875E+8,  -3.241821E+0
5.882500E+8,  -3.303955E+0
5.888125E+8,  -3.274048E+0
5.893750E+8,  -3.286133E+0
5.899375E+8,  -3.317383E+0
5.905000E+8,  -3.323853E+0
5.910625E+8,  -3.263672E+0
5.916250E+8,  -3.346558E+0
5.921875E+8,  -3.272217E+0
5.927500E+8,  -3.336182E+0
5.933125E+8,  -3.356445E+0
5.938750E+8,  -3.396240E+0
5.944375E+8,  -3.396484E+0
5.950000E+8,  -3.385010E+0
5.955625E+8,  -3.402466E+0
5.961250E+8,  -3.438599E+0
5.966875E+8,  -3.413818E+0
5.972500E+8,  -3.379883E+0
5.978125E+8,  -3.336914E+0
5.983750E+8,  -3.382935E+0
5.989375E+8,  -3.361084E+0
5.995000E+8,  -3.376831E+0
6.000625E+8,  -3.368408E+0
6.006250E+8,  -3.349609E+0
6.011875E+8,  -3.293579E+0
6.017500E+8,  -3.416992E+0
6.023125E+8,  -3.363647E+0
6.028750E+8,  -3.290527E+0
6.034375E+8,  -3.329102E+0
6.040000E+8,  -3.352417E+0
6.045625E+8,  -3.351929E+0
6.051250E+8,  -3.315918E+0
6.056875E+8,  -3.374023E+0
6.062500E+8,  -3.375610E+0
6.068125E+8,  -3.351807E+0
6.073750E+8,  -3.473022E+0
6.079375E+8,  -3.438110E+0
6.085000E+8,  -3.426392E+0
6.090625E+8,  -3.465576E+0
6.096250E+8,  -3.540283E+0
6.101875E+8,  -3.452026E+0
6.107500E+8,  -3.504639E+0
6.113125E+8,  -3.483398E+0
6.118750E+8,  -3.523926E+0
6.124375E+8,  -3.528320E+0
6.130000E+8,  -3.541748E+0
6.135625E+8,  -3.525635E+0
6.141250E+8,  -3.521851E+0
6.146875E+8,  -3.482422E+0
6.152500E+8,  -3.557983E+0
6.158125E+8,  -3.491455E+0
6.163750E+8,  -3.468628E+0
6.169375E+8,  -3.535278E+0
6.175000E+8,  -3.504517E+0
6.180625E+8,  -3.539307E+0
6.186250E+8,  -3.528809E+0
6.191875E+8,  -3.537598E+0
6.197500E+8,  -3.557983E+0
6.203125E+8,  -3.606812E+0
6.208750E+8,  -3.634399E+0
6.214375E+8,  -3.658813E+0
6.220000E+8,  -3.624390E+0
6.225625E+8,  -3.697632E+0
6.231250E+8,  -3.750977E+0
6.236875E+8,  -3.699707E+0
6.242500E+8,  -3.786865E+0
6.248125E+8,  -3.849487E+0
6.253750E+8,  -3.848145E+0
6.259375E+8,  -3.805908E+0
6.265000E+8,  -3.875000E+0
6.270625E+8,  -3.839478E+0
6.276250E+8,  -3.840820E+0
6.281875E+8,  -3.838623E+0
6.287500E+8,  -3.875732E+0
6.293125E+8,  -3.814697E+0
6.298750E+8,  -3.866699E+0
6.304375E+8,  -3.879639E+0
6.310000E+8,  -3.764404E+0
6.315625E+8,  -3.884155E+0
6.321250E+8,  -3.828857E+0
6.326875E+8,  -3.855591E+0
6.332500E+8,  -3.911255E+0
6.338125E+8,  -3.935547E+0
6.343750E+8,  -3.967163E+0
6.349375E+8,  -3.947754E+0
6.355000E+8,  -4.072021E+0
6.360625E+8,  -3.954834E+0
6.366250E+8,  -4.067871E+0
6.371875E+8,  -4.156494E+0
6.377500E+8,  -4.174072E+0
6.383125E+8,  -4.155273E+0
6.388750E+8,  -4.218994E+0
6.394375E+8,  -4.231445E+0
6.400000E+8,  -4.242432E+0
6.405625E+8,  -4.257568E+0
6.411250E+8,  -4.304932E+0
6.416875E+8,  -4.299072E+0
6.422500E+8,  -4.209473E+0
6.428125E+8,  -4.294922E+0
6.433750E+8,  -4.294678E+0
6.439375E+8,  -4.255615E+0
6.445000E+8,  -4.328857E+0
6.450625E+8,  -4.300293E+0
6.456250E+8,  -4.374756E+0
6.461875E+8,  -4.388184E+0
6.467500E+8,  -4.427490E+0
6.473125E+8,  -4.461426E+0
6.478750E+8,  -4.524902E+0
6.484375E+8,  -4.531738E+0
6.490000E+8,  -4.505371E+0
6.495625E+8,  -4.564697E+0
6.501250E+8,  -4.658936E+0
6.506875E+8,  -4.744141E+0
6.512500E+8,  -4.791504E+0
6.518125E+8,  -4.802490E+0
6.523750E+8,  -4.863281E+0
6.529375E+8,  -4.915039E+0
6.535000E+8,  -4.954102E+0
6.540625E+8,  -4.996338E+0
6.546250E+8,  -5.014160E+0
6.551875E+8,  -5.116455E+0
6.557500E+8,  -5.055908E+0
6.563125E+8,  -5.004150E+0
6.568750E+8,  -5.026123E+0
6.574375E+8,  -5.125732E+0
6.580000E+8,  -5.121338E+0
6.585625E+8,  -5.142090E+0
6.591250E+8,  -5.121582E+0
6.596875E+8,  -5.155762E+0
6.602500E+8,  -5.184570E+0
6.608125E+8,  -5.260986E+0
6.613750E+8,  -5.282471E+0
6.619375E+8,  -5.314453E+0
6.625000E+8,  -5.389160E+0
6.630625E+8,  -5.398926E+0
6.636250E+8,  -5.484131E+0
6.641875E+8,  -5.596436E+0
6.647500E+8,  -5.611084E+0
6.653125E+8,  -5.669434E+0
6.658750E+8,  -5.774170E+0
6.664375E+8,  -5.824707E+0
6.670000E+8,  -5.902588E+0
6.675625E+8,  -5.962402E+0
6.681250E+8,  -6.041504E+0
6.686875E+8,  -6.046143E+0
6.692500E+8,  -6.134277E+0
6.698125E+8,  -6.197998E+0
6.703750E+8,  -6.112549E+0
6.709375E+8,  -6.212402E+0
6.715000E+8,  -6.250732E+0
6.720625E+8,  -6.321533E+0
6.726250E+8,  -6.334473E+0
6.731875E+8,  -6.358887E+0
6.737500E+8,  -6.410889E+0
6.743125E+8,  -6.448242E+0
6.748750E+8,  -6.582520E+0
6.754375E+8,  -6.646240E+0
6.760000E+8,  -6.641846E+0
6.765625E+8,  -6.770264E+0
6.771250E+8,  -6.823242E+0
6.776875E+8,  -6.948486E+0
6.782500E+8,  -6.998291E+0
6.788125E+8,  -7.173584E+0
6.793750E+8,  -7.251465E+0
6.799375E+8,  -7.359375E+0
6.805000E+8,  -7.446777E+0
6.810625E+8,  -7.584961E+0
6.816250E+8,  -7.617920E+0
6.821875E+8,  -7.649414E+0
6.827500E+8,  -7.795898E+0
6.833125E+8,  -7.905029E+0
6.838750E+8,  -7.900635E+0
6.844375E+8,  -8.011719E+0
6.850000E+8,  -8.004395E+0
6.855625E+8,  -8.058105E+0
6.861250E+8,  -8.088379E+0
6.866875E+8,  -8.139648E+0
6.872500E+8,  -8.173828E+0
6.878125E+8,  -8.207031E+0
6.883750E+8,  -8.265137E+0
6.889375E+8,  -8.344727E+0
6.895000E+8,  -8.371094E+0
6.900625E+8,  -8.431641E+0
6.906250E+8,  -8.491699E+0
6.911875E+8,  -8.689941E+0
6.917500E+8,  -8.779297E+0
6.923125E+8,  -8.866211E+0
6.928750E+8,  -8.966797E+0
6.934375E+8,  -9.130859E+0
6.940000E+8,  -9.236328E+0
6.945625E+8,  -9.365234E+0
6.951250E+8,  -9.491699E+0
6.956875E+8,  -9.571289E+0
6.962500E+8,  -9.737793E+0
6.968125E+8,  -9.678223E+0
6.973750E+8,  -9.854980E+0
6.979375E+8,  -9.921387E+0
6.985000E+8,  -1.003564E+1
6.990625E+8,  -1.001123E+1
6.996250E+8,  -1.012842E+1
7.001875E+8,  -1.015527E+1
7.007500E+8,  -1.016406E+1
7.013125E+8,  -1.019287E+1
7.018750E+8,  -1.024072E+1
7.024375E+8,  -1.027148E+1
7.030000E+8,  -1.027051E+1
7.035625E+8,  -1.031543E+1
7.041250E+8,  -1.038184E+1
7.046875E+8,  -1.044531E+1
7.052500E+8,  -1.051660E+1
7.058125E+8,  -1.062207E+1
7.063750E+8,  -1.063770E+1
7.069375E+8,  -1.074805E+1
7.075000E+8,  -1.080713E+1
7.080625E+8,  -1.089160E+1
7.086250E+8,  -1.098975E+1
7.091875E+8,  -1.101611E+1
7.097500E+8,  -1.103857E+1
7.103125E+8,  -1.121289E+1
7.108750E+8,  -1.123682E+1
7.114375E+8,  -1.133252E+1
7.120000E+8,  -1.136670E+1
7.125625E+8,  -1.142578E+1
7.131250E+8,  -1.137842E+1
7.136875E+8,  -1.138379E+1
7.142500E+8,  -1.138135E+1
7.148125E+8,  -1.133740E+1
7.153750E+8,  -1.131152E+1
7.159375E+8,  -1.127686E+1
7.165000E+8,  -1.121582E+1
7.170625E+8,  -1.116016E+1
7.176250E+8,  -1.108838E+1
7.181875E+8,  -1.110889E+1
7.187500E+8,  -1.102393E+1
7.193125E+8,  -1.097559E+1
7.198750E+8,  -1.088672E+1
7.204375E+8,  -1.094336E+1
7.210000E+8,  -1.090820E+1
7.215625E+8,  -1.089453E+1
7.221250E+8,  -1.091846E+1
7.226875E+8,  -1.099512E+1
7.232500E+8,  -1.090186E+1
7.238125E+8,  -1.093652E+1
7.243750E+8,  -1.100732E+1
7.249375E+8,  -1.091406E+1
7.255000E+8,  -1.090967E+1
7.260625E+8,  -1.087402E+1
7.266250E+8,  -1.084131E+1
7.271875E+8,  -1.081006E+1
7.277500E+8,  -1.077002E+1
7.283125E+8,  -1.069434E+1
7.288750E+8,  -1.058057E+1
7.294375E+8,  -1.046777E+1
7.300000E+8,  -1.039648E+1
7.305625E+8,  -1.023047E+1
7.311250E+8,  -1.011865E+1
7.316875E+8,  -1.007666E+1
7.322500E+8,  -9.806152E+0
7.328125E+8,  -9.761719E+0
7.333750E+8,  -9.529297E+0
7.339375E+8,  -9.523926E+0
7.345000E+8,  -9.379395E+0
7.350625E+8,  -9.294922E+0
7.356250E+8,  -9.208984E+0
7.361875E+8,  -9.076660E+0
7.367500E+8,  -9.018555E+0
7.373125E+8,  -8.927734E+0
7.378750E+8,  -8.845703E+0
7.384375E+8,  -8.837402E+0
7.390000E+8,  -8.743652E+0
7.395625E+8,  -8.651367E+0
7.401250E+8,  -8.558105E+0
7.406875E+8,  -8.534180E+0
7.412500E+8,  -8.435059E+0
7.418125E+8,  -8.387695E+0
7.423750E+8,  -8.268555E+0
7.429375E+8,  -8.193848E+0
7.435000E+8,  -8.111328E+0
7.440625E+8,  -7.964355E+0
7.446250E+8,  -7.847412E+0
7.451875E+8,  -7.763672E+0
7.457500E+8,  -7.545166E+0
7.463125E+8,  -7.440918E+0
7.468750E+8,  -7.363281E+0
7.474375E+8,  -7.210449E+0
7.480000E+8,  -7.040527E+0
7.485625E+8,  -7.008301E+0
7.491250E+8,  -6.894531E+0
7.496875E+8,  -6.813721E+0
7.502500E+8,  -6.727295E+0
7.508125E+8,  -6.665527E+0
7.513750E+8,  -6.641357E+0
7.519375E+8,  -6.568848E+0
7.525000E+8,  -6.554443E+0
7.530625E+8,  -6.487793E+0
7.536250E+8,  -6.427002E+0
7.541875E+8,  -6.440186E+0
7.547500E+8,  -6.395508E+0
7.553125E+8,  -6.344971E+0
7.558750E+8,  -6.278564E+0
7.564375E+8,  -6.286377E+0
7.570000E+8,  -6.174805E+0
7.575625E+8,  -6.175049E+0
7.581250E+8,  -6.079834E+0
7.586875E+8,  -6.032227E+0
7.592500E+8,  -5.889893E+0
7.598125E+8,  -5.866943E+0
7.603750E+8,  -5.729004E+0
7.609375E+8,  -5.666992E+0
7.615000E+8,  -5.597168E+0
7.620625E+8,  -5.476074E+0
7.626250E+8,  -5.456299E+0
7.631875E+8,  -5.334717E+0
7.637500E+8,  -5.336182E+0
7.643125E+8,  -5.200928E+0
7.648750E+8,  -5.185303E+0
7.654375E+8,  -5.141113E+0
7.660000E+8,  -5.164307E+0
7.665625E+8,  -5.042480E+0
7.671250E+8,  -5.064453E+0
7.676875E+8,  -5.091553E+0
7.682500E+8,  -5.077637E+0
7.688125E+8,  -5.029541E+0
7.693750E+8,  -5.030762E+0
7.699375E+8,  -4.948486E+0
7.705000E+8,  -5.029297E+0
7.710625E+8,  -4.985107E+0
7.716250E+8,  -4.941162E+0
7.721875E+8,  -4.947510E+0
7.727500E+8,  -4.902344E+0
7.733125E+8,  -4.883057E+0
7.738750E+8,  -4.804443E+0
7.744375E+8,  -4.759766E+0
7.750000E+8,  -4.754395E+0
7.755625E+8,  -4.682861E+0
7.761250E+8,  -4.629395E+0
7.766875E+8,  -4.604492E+0
7.772500E+8,  -4.524414E+0
7.778125E+8,  -4.515381E+0
7.783750E+8,  -4.486572E+0
7.789375E+8,  -4.518311E+0
7.795000E+8,  -4.449707E+0
7.800625E+8,  -4.445557E+0
7.806250E+8,  -4.401123E+0
7.811875E+8,  -4.429443E+0
7.817500E+8,  -4.430420E+0
7.823125E+8,  -4.458252E+0
7.828750E+8,  -4.493408E+0
7.834375E+8,  -4.412354E+0
7.840000E+8,  -4.481201E+0
7.845625E+8,  -4.471924E+0
7.851250E+8,  -4.552979E+0
7.856875E+8,  -4.472900E+0
7.862500E+8,  -4.435059E+0
7.868125E+8,  -4.376953E+0
7.873750E+8,  -4.325684E+0
7.879375E+8,  -4.323975E+0
7.885000E+8,  -4.360840E+0
7.890625E+8,  -4.298828E+0
7.896250E+8,  -4.262939E+0
7.901875E+8,  -4.218262E+0
7.907500E+8,  -4.129150E+0
7.913125E+8,  -4.065186E+0
7.918750E+8,  -4.116211E+0
7.924375E+8,  -3.999512E+0
7.930000E+8,  -4.004639E+0
7.935625E+8,  -4.019775E+0
7.941250E+8,  -3.949829E+0
7.946875E+8,  -3.929810E+0
7.952500E+8,  -3.955078E+0
7.958125E+8,  -3.987549E+0
7.963750E+8,  -3.916870E+0
7.969375E+8,  -3.902588E+0
7.975000E+8,  -3.902222E+0
7.980625E+8,  -3.912231E+0
7.986250E+8,  -3.872925E+0
7.991875E+8,  -3.883301E+0
7.997500E+8,  -4.006348E+0
8.003125E+8,  -3.917480E+0
8.008750E+8,  -3.842407E+0
8.014375E+8,  -3.722778E+0
8.020000E+8,  -3.759033E+0
8.025625E+8,  -3.739746E+0
8.031250E+8,  -3.676025E+0
8.036875E+8,  -3.640137E+0
8.042500E+8,  -3.555542E+0
8.048125E+8,  -3.583984E+0
8.053750E+8,  -3.362427E+0
8.059375E+8,  -3.406128E+0
8.065000E+8,  -3.261597E+0
8.070625E+8,  -3.330688E+0
8.076250E+8,  -3.283325E+0
8.081875E+8,  -3.218872E+0
8.087500E+8,  -3.206787E+0
8.093125E+8,  -3.183472E+0
8.098750E+8,  -3.139404E+0
8.104375E+8,  -3.125854E+0
8.110000E+8,  -3.087646E+0
8.115625E+8,  -3.124146E+0
8.121250E+8,  -3.107666E+0
8.126875E+8,  -3.106934E+0
8.132500E+8,  -3.127563E+0
8.138125E+8,  -3.051392E+0
8.143750E+8,  -3.145630E+0
8.149375E+8,  -2.942017E+0
8.155000E+8,  -3.019653E+0
8.160625E+8,  -2.933838E+0
8.166250E+8,  -2.897827E+0
8.171875E+8,  -2.850464E+0
8.177500E+8,  -2.799194E+0
8.183125E+8,  -2.815918E+0
8.188750E+8,  -2.691772E+0
8.194375E+8,  -2.581787E+0
8.200000E+8,  -2.637817E+0
8.205625E+8,  -2.618530E+0
8.211250E+8,  -2.541870E+0
8.216875E+8,  -2.504761E+0
8.222500E+8,  -2.482788E+0
8.228125E+8,  -2.439575E+0
8.233750E+8,  -2.397949E+0
8.239375E+8,  -2.319458E+0
8.245000E+8,  -2.365967E+0
8.250625E+8,  -2.364990E+0
8.256250E+8,  -2.357788E+0
8.261875E+8,  -2.334229E+0
8.267500E+8,  -2.456909E+0
8.273125E+8,  -2.383301E+0
8.278750E+8,  -2.326416E+0
8.284375E+8,  -2.343262E+0
8.290000E+8,  -2.380005E+0
8.295625E+8,  -2.373779E+0
8.301250E+8,  -2.296143E+0
8.306875E+8,  -2.326050E+0
8.312500E+8,  -2.281372E+0
8.318125E+8,  -2.249756E+0
8.323750E+8,  -2.258911E+0
8.329375E+8,  -2.212646E+0
8.335000E+8,  -2.151245E+0
8.340625E+8,  -2.103760E+0
8.346250E+8,  -2.129761E+0
8.351875E+8,  -2.036987E+0
8.357500E+8,  -2.080444E+0
8.363125E+8,  -2.034424E+0
8.368750E+8,  -2.026611E+0
8.374375E+8,  -2.024536E+0
8.380000E+8,  -1.964539E+0
8.385625E+8,  -1.961487E+0
8.391250E+8,  -1.947876E+0
8.396875E+8,  -1.953857E+0
8.402500E+8,  -2.075439E+0
8.408125E+8,  -1.995483E+0
8.413750E+8,  -2.055420E+0
8.419375E+8,  -1.985901E+0
8.425000E+8,  -2.017334E+0
8.430625E+8,  -2.029053E+0
8.436250E+8,  -2.034058E+0
8.441875E+8,  -2.034912E+0
8.447500E+8,  -1.973633E+0
8.453125E+8,  -1.959717E+0
8.458750E+8,  -1.961670E+0
8.464375E+8,  -1.943542E+0
8.470000E+8,  -1.940186E+0
8.475625E+8,  -1.856812E+0
8.481250E+8,  -1.836487E+0
8.486875E+8,  -1.846069E+0
8.492500E+8,  -1.825500E+0
8.498125E+8,  -1.829956E+0
8.503750E+8,  -1.817688E+0
8.509375E+8,  -1.761841E+0
8.515000E+8,  -1.836243E+0
8.520625E+8,  -1.738159E+0
8.526250E+8,  -1.701965E+0
8.531875E+8,  -1.811646E+0
8.537500E+8,  -1.766418E+0
8.543125E+8,  -1.717651E+0
8.548750E+8,  -1.781372E+0
8.554375E+8,  -1.768616E+0
8.560000E+8,  -1.780090E+0
8.565625E+8,  -1.806946E+0
8.571250E+8,  -1.811218E+0
8.576875E+8,  -1.785217E+0
8.582500E+8,  -1.796143E+0
8.588125E+8,  -1.718750E+0
8.593750E+8,  -1.815491E+0
8.599375E+8,  -1.785889E+0
8.605000E+8,  -1.791077E+0
8.610625E+8,  -1.761597E+0
8.616250E+8,  -1.710999E+0
8.621875E+8,  -1.704041E+0
8.627500E+8,  -1.673645E+0
8.633125E+8,  -1.651917E+0
8.638750E+8,  -1.614685E+0
8.644375E+8,  -1.587708E+0
8.650000E+8,  -1.469055E+0
8.655625E+8,  -1.618896E+0
8.661250E+8,  -1.544617E+0
8.666875E+8,  -1.539917E+0
8.672500E+8,  -1.485901E+0
8.678125E+8,  -1.552612E+0
8.683750E+8,  -1.573059E+0
8.689375E+8,  -1.545715E+0
8.695000E+8,  -1.556519E+0
8.700625E+8,  -1.588074E+0
8.706250E+8,  -1.595459E+0
8.711875E+8,  -1.618713E+0
8.717500E+8,  -1.614075E+0
8.723125E+8,  -1.585083E+0
8.728750E+8,  -1.685547E+0
8.734375E+8,  -1.569702E+0
8.740000E+8,  -1.552612E+0
8.745625E+8,  -1.595032E+0
8.751250E+8,  -1.650757E+0
8.756875E+8,  -1.506226E+0
8.762500E+8,  -1.522949E+0
8.768125E+8,  -1.480835E+0
8.773750E+8,  -1.452698E+0
8.779375E+8,  -1.433960E+0
8.785000E+8,  -1.464417E+0
8.790625E+8,  -1.447327E+0
8.796250E+8,  -1.419067E+0
8.801875E+8,  -1.361084E+0
8.807500E+8,  -1.322205E+0
8.813125E+8,  -1.248962E+0
8.818750E+8,  -1.309509E+0
8.824375E+8,  -1.376221E+0
8.830000E+8,  -1.367310E+0
8.835625E+8,  -1.368896E+0
8.841250E+8,  -1.375610E+0
8.846875E+8,  -1.378662E+0
8.852500E+8,  -1.418213E+0
8.858125E+8,  -1.401855E+0
8.863750E+8,  -1.466797E+0
8.869375E+8,  -1.429932E+0
8.875000E+8,  -1.451233E+0
8.880625E+8,  -1.454041E+0
8.886250E+8,  -1.411255E+0
8.891875E+8,  -1.418030E+0
8.897500E+8,  -1.402222E+0
8.903125E+8,  -1.370605E+0
8.908750E+8,  -1.366943E+0
8.914375E+8,  -1.351746E+0
8.920000E+8,  -1.284790E+0
8.925625E+8,  -1.253540E+0
8.931250E+8,  -1.284851E+0
8.936875E+8,  -1.215393E+0
8.942500E+8,  -1.208313E+0
8.948125E+8,  -1.182495E+0
8.953750E+8,  -1.220093E+0
8.959375E+8,  -1.204285E+0
8.965000E+8,  -1.220825E+0
8.970625E+8,  -1.227661E+0
8.976250E+8,  -1.239380E+0
8.981875E+8,  -1.290649E+0
8.987500E+8,  -1.303528E+0
8.993125E+8,  -1.392944E+0
8.998750E+8,  -1.367371E+0
9.004375E+8,  -1.371765E+0
9.010000E+8,  -1.337585E+0
9.015625E+8,  -1.235291E+0
9.021250E+8,  -1.418091E+0
9.026875E+8,  -1.348877E+0
9.032500E+8,  -1.344849E+0
9.038125E+8,  -1.323853E+0
9.043750E+8,  -1.331299E+0
9.049375E+8,  -1.232727E+0
9.055000E+8,  -1.375305E+0
9.060625E+8,  -1.198914E+0
9.066250E+8,  -1.174133E+0
9.071875E+8,  -1.257202E+0
9.077500E+8,  -1.132202E+0
9.083125E+8,  -1.325745E+0
9.088750E+8,  -1.193604E+0
9.094375E+8,  -1.183105E+0
9.100000E+8,  -1.188538E+0
9.105625E+8,  -1.176086E+0
9.111250E+8,  -1.190979E+0
9.116875E+8,  -1.235535E+0
9.122500E+8,  -1.241455E+0
9.128125E+8,  -1.239441E+0
9.133750E+8,  -1.360474E+0
9.139375E+8,  -1.239746E+0
9.145000E+8,  -1.314880E+0
9.150625E+8,  -1.331543E+0
9.156250E+8,  -1.322937E+0
9.161875E+8,  -1.353210E+0
9.167500E+8,  -1.363708E+0
9.173125E+8,  -1.372375E+0
9.178750E+8,  -1.368347E+0
9.184375E+8,  -1.350830E+0
9.190000E+8,  -1.390686E+0
9.195625E+8,  -1.327393E+0
9.201250E+8,  -1.164001E+0
9.206875E+8,  -1.238281E+0
9.212500E+8,  -1.254639E+0
9.218125E+8,  -1.254822E+0
9.223750E+8,  -1.211121E+0
9.229375E+8,  -1.245361E+0
9.235000E+8,  -1.221924E+0
9.240625E+8,  -1.230469E+0
9.246250E+8,  -1.213684E+0
9.251875E+8,  -1.204651E+0
9.257500E+8,  -1.304565E+0
9.263125E+8,  -1.327087E+0
9.268750E+8,  -1.283936E+0
9.274375E+8,  -1.277832E+0
9.280000E+8,  -1.341064E+0
9.285625E+8,  -1.456299E+0
9.291250E+8,  -1.360229E+0
9.296875E+8,  -1.406921E+0
9.302500E+8,  -1.422363E+0
9.308125E+8,  -1.429504E+0
9.313750E+8,  -1.400696E+0
9.319375E+8,  -1.406677E+0
9.325000E+8,  -1.369080E+0
9.330625E+8,  -1.387634E+0
9.336250E+8,  -1.438599E+0
9.341875E+8,  -1.271667E+0
9.347500E+8,  -1.387146E+0
9.353125E+8,  -1.377136E+0
9.358750E+8,  -1.313843E+0
9.364375E+8,  -1.305481E+0
9.370000E+8,  -1.307434E+0
9.375625E+8,  -1.284302E+0
9.381250E+8,  -1.290161E+0
9.386875E+8,  -1.312622E+0
9.392500E+8,  -1.345825E+0
9.398125E+8,  -1.302246E+0
9.403750E+8,  -1.432556E+0
9.409375E+8,  -1.470886E+0
9.415000E+8,  -1.397217E+0
9.420625E+8,  -1.370850E+0
9.426250E+8,  -1.356628E+0
9.431875E+8,  -1.442322E+0
9.437500E+8,  -1.474365E+0
9.443125E+8,  -1.488403E+0
9.448750E+8,  -1.487488E+0
9.454375E+8,  -1.505493E+0
9.460000E+8,  -1.508789E+0
9.465625E+8,  -1.399231E+0
9.471250E+8,  -1.522278E+0
9.476875E+8,  -1.461243E+0
9.482500E+8,  -1.488525E+0
9.488125E+8,  -1.437683E+0
9.493750E+8,  -1.408691E+0
9.499375E+8,  -1.407104E+0
9.505000E+8,  -1.420166E+0
9.510625E+8,  -1.398682E+0
9.516250E+8,  -1.396729E+0
9.521875E+8,  -1.384521E+0
9.527500E+8,  -1.324585E+0
9.533125E+8,  -1.396545E+0
9.538750E+8,  -1.418640E+0
9.544375E+8,  -1.491943E+0
9.550000E+8,  -1.445740E+0
9.555625E+8,  -1.444336E+0
9.561250E+8,  -1.466248E+0
9.566875E+8,  -1.481689E+0
9.572500E+8,  -1.543823E+0
9.578125E+8,  -1.570618E+0
9.583750E+8,  -1.581360E+0
9.589375E+8,  -1.623291E+0
9.595000E+8,  -1.633545E+0
9.600625E+8,  -1.670105E+0
9.606250E+8,  -1.752686E+0
9.611875E+8,  -1.584167E+0
9.617500E+8,  -1.688171E+0
9.623125E+8,  -1.626343E+0
9.628750E+8,  -1.598755E+0
9.634375E+8,  -1.614014E+0
9.640000E+8,  -1.577698E+0
9.645625E+8,  -1.572815E+0
9.651250E+8,  -1.559875E+0
9.656875E+8,  -1.511902E+0
9.662500E+8,  -1.542236E+0
9.668125E+8,  -1.540771E+0
9.673750E+8,  -1.533997E+0
9.679375E+8,  -1.666016E+0
9.685000E+8,  -1.621338E+0
9.690625E+8,  -1.667786E+0
9.696250E+8,  -1.663391E+0
9.701875E+8,  -1.703979E+0
9.707500E+8,  -1.712219E+0
9.713125E+8,  -1.727661E+0
9.718750E+8,  -1.759888E+0
9.724375E+8,  -1.858887E+0
9.730000E+8,  -1.841614E+0
9.735625E+8,  -1.786682E+0
9.741250E+8,  -1.784058E+0
9.746875E+8,  -1.869263E+0
9.752500E+8,  -1.902405E+0
9.758125E+8,  -1.903198E+0
9.763750E+8,  -1.888000E+0
9.769375E+8,  -1.839905E+0
9.775000E+8,  -1.855957E+0
9.780625E+8,  -1.836243E+0
9.786250E+8,  -1.824768E+0
9.791875E+8,  -1.830566E+0
9.797500E+8,  -1.765503E+0
9.803125E+8,  -1.774536E+0
9.808750E+8,  -1.843872E+0
9.814375E+8,  -1.784668E+0
9.820000E+8,  -1.747314E+0
9.825625E+8,  -1.898315E+0
9.831250E+8,  -1.892822E+0
9.836875E+8,  -1.928406E+0
9.842500E+8,  -1.928711E+0
9.848125E+8,  -1.996704E+0
9.853750E+8,  -2.048706E+0
9.859375E+8,  -2.010010E+0
9.865000E+8,  -2.032837E+0
9.870625E+8,  -2.118164E+0
9.876250E+8,  -2.185547E+0
9.881875E+8,  -2.119629E+0
9.887500E+8,  -2.154541E+0
9.893125E+8,  -2.208740E+0
9.898750E+8,  -2.219238E+0
9.904375E+8,  -2.244751E+0
9.910000E+8,  -2.211792E+0
9.915625E+8,  -2.220337E+0
9.921250E+8,  -2.178833E+0
9.926875E+8,  -2.228149E+0
9.932500E+8,  -2.197876E+0
9.938125E+8,  -2.205078E+0
9.943750E+8,  -2.185547E+0
9.949375E+8,  -2.255859E+0
9.955000E+8,  -2.240479E+0
9.960625E+8,  -2.169556E+0
9.966250E+8,  -2.291748E+0
9.971875E+8,  -2.315796E+0
9.977500E+8,  -2.316406E+0
9.983125E+8,  -2.360718E+0
9.988750E+8,  -2.392456E+0
9.994375E+8,  -2.427612E+0
1.000000E+9,  -2.500610E+0